4181953086
4389097938
4388956829
4389996908
4275965324
4390346284
4390562698
4373848655
4391229325
4390274198
4392277421
4390839962
4389189688
4389585043
4389084310
4390863825
4371161870
4391055710
4391788724
4391308121
4390016742
4298394377
4386658849
4388031552
4386678531
4390726462
4391111823
4363053195
4390361595
4386665851
4387444106
4390927804
4389092556
4378534427
4390296234
4387518330
4392270628
4370450278
4389232816
4384055714
4377878553
4391221803
4389206506
4389516762
4392775038
4391635599
4391011325
4391225716
4389191771
4319500570
4391213445
4378933671
4384591617
4364662941
4390715036
4389540835
4390125170
4390897602
4364285226
4390971067
4377202870
4380274435
4390305381
4388977510
4390018102
4391208585
4365300199
4392676476
4390847273
4389868808
4389999725
4389310611
4391245992
4388688926
4388902348
4390574175
4380267682
4390953636
4390497792
4389743040
4378192630
4380282075
4377815205
4391097090
4389526215
4390961475
4389079030
4389193743
4388400100
4389863772
4390309633
4391726724
4389072762
4392099423
4389302936
4389072354
4377891307
4390989557
4388401058
4390037786
4373799741
4389059984
4391203621
4390562739
4391588287
4391078467
4391249876
4391054544
4389562970
4389991927
4389972010
4390777356
4379878703
4391627118
4336870568
4389312612
4390716975
4390942793
4390876703
4390330184
